102793
102796
102800
102801
114727
114728
114729
114730
114731
114732
114733
119210
119211
119212
119213
119214
119215
119216
119217
119218
119220
119221
127960
129772
129778
129779
136506
140020
142943
142947
142949
142951
147762
147765
150171
157802
170500
173714
183666
184006
184009
195471
215851
215855
221119
222768
222769
222770
222772
232441
282134
282148
284164
286279
286281
286284
286285
286286
286287
286294
299327
304360
309406
309433
325678
329376
333277
333278
352769
352770
352771
352772
352774
352775
352777
370290
385680
402585
402586
418387
437442
465975
476651
488106
546800
546801
1084500
1129344
1249503
1313083
1826661
